Job,Offset,Sleep
a01,0,0
a10,37,37
b09,66,29
b05,102,36
b03,130,28
a04,155,25
a07,180,25
a03,214,34
a05,244,30
a02,277,33
b02,302,25
b08,343,41
a06,366,23
a08,397,31
b06,421,24
b07,454,33
b01,480,26
b10,510,30
b04,541,31
a09,572,31
