Job,Offset,Sleep
c02,0,0
b04,24,24
b05,53,29
c04,87,34
a03,118,31
c10,154,36
c08,179,25
a01,207,28
b01,239,32
a02,269,30
a05,296,27
c07,333,37
b02,367,34
c03,394,27
b03,420,26
a04,458,38
c06,481,23
c01,512,31
c05,538,26
c09,568,30
