Job,Offset,Sleep
b02,0,0
c03,45,45
c06,103,58
c08,160,57
b03,227,67
a01,268,41
b05,331,63
a05,403,72
c01,467,64
c02,517,50
a04,570,53
b04,628,58
c10,696,68
c05,762,66
b01,830,68
c04,892,62
c09,947,55
a02,1010,63
c07,1070,60
a03,1137,67
