Job,Offset,Sleep
c02,0,0
a01,53,53
b03,111,58
d04,177,66
a04,238,61
d02,297,59
c01,349,52
d05,412,63
d03,470,58
a05,530,60
d01,604,74
a03,670,66
a02,739,69
c03,807,68
b01,873,66
c04,931,58
b02,987,56
b05,1043,56
b04,1082,39
c05,1145,63
