Job,Offset,Sleep
b08,0,0
b10,48,48
b09,106,58
a08,172,66
a02,250,78
a04,304,54
a03,368,64
a05,425,57
b02,487,62
a09,539,52
a10,603,64
a06,650,47
a07,710,60
b03,770,60
b06,837,67
b05,891,54
b07,944,53
b04,995,51
a01,1055,60
b01,1118,63
