Timestamp,Job,Offset,Wait
2023-10-05 07:54:20,falcon-pod-c03,0.0,
2023-10-05 07:55:31,falcon-pod-c06,71.0,71.0
2023-10-05 07:56:20,falcon-pod-b04,120.0,49.0
2023-10-05 07:57:20,falcon-pod-b02,180.0,60.0
2023-10-05 07:58:18,falcon-pod-c10,238.0,58.0
2023-10-05 07:59:30,falcon-pod-a02,310.0,72.0
2023-10-05 08:00:21,falcon-pod-a05,361.0,51.0
2023-10-05 08:01:23,falcon-pod-c01,423.0,62.0
2023-10-05 08:02:11,falcon-pod-b05,471.0,48.0
2023-10-05 08:03:03,falcon-pod-c08,523.0,52.0
2023-10-05 08:03:55,falcon-pod-b03,575.0,52.0
2023-10-05 08:05:06,falcon-pod-c09,646.0,71.0
2023-10-05 08:06:12,falcon-pod-a03,712.0,66.0
2023-10-05 08:07:04,falcon-pod-c07,764.0,52.0
2023-10-05 08:08:05,falcon-pod-a01,825.0,61.0
2023-10-05 08:09:10,falcon-pod-c05,890.0,65.0
2023-10-05 08:10:12,falcon-pod-c04,952.0,62.0
2023-10-05 08:11:10,falcon-pod-a04,1010.0,58.0
2023-10-05 08:12:10,falcon-pod-c02,1070.0,60.0
2023-10-05 08:13:02,falcon-pod-b01,1122.0,52.0
