Job,Offset,Sleep
c02,0,0
c03,71,71
a05,130,59
c07,189,59
c08,251,62
c10,300,49
c04,360,60
a07,417,57
a01,476,59
a04,549,73
c01,606,57
a06,665,59
c06,727,62
c09,778,51
a03,837,59
a09,889,52
a02,945,56
a08,1006,61
c05,1061,55
a10,1121,60
