Job,Offset,Sleep
a05,0,0
d06,64,64
c04,120,56
e01,163,43
a03,216,53
b01,263,47
c03,329,66
d03,382,53
c02,443,61
a02,512,69
a04,546,34
b05,609,63
a06,678,69
d01,744,66
b02,800,56
c06,867,67
a01,925,58
d02,981,56
c01,1043,62
b04,1105,62
b06,1169,64
b03,1240,71
d05,1293,53
c05,1359,66
d04,1425,66
