Job,Offset,Sleep
d03,0,0
d04,68,68
b05,133,65
c06,202,69
b01,274,72
c03,336,62
a03,397,61
d05,466,69
d01,526,60
c02,588,62
a05,662,74
a04,721,59
b06,774,53
d02,830,56
a01,894,64
c04,957,63
b04,1028,71
d06,1091,63
c05,1146,55
b03,1215,69
e01,1279,64
b02,1336,57
c01,1405,69
a06,1467,62
a02,1515,48
