Job,Offset,Sleep
b01,0,0
d03,49,49
a03,118,69
a04,186,68
e03,238,52
b02,296,58
e02,345,49
d04,400,55
c01,458,58
d02,520,62
c04,594,74
a01,653,59
b03,713,60
c03,776,63
e04,842,66
c02,896,54
b04,953,57
d01,1003,50
e01,1052,49
a02,1110,58
